(0.0, 0.0)
(0.0, -0.003923416)
(0.0, -0.01177216)
(0.0, -0.02354431)
(0.0, -0.03923988)
(0.0, -0.05886078)
(0.0, -0.08240509)
(0.0, -0.1098728)
(0.0, -0.141264)
(0.0, -0.1765804)
(0.0, -0.2158203)
(0.0, -0.2589836)
(0.0, -0.3060722)
(0.0, -0.3570843)
(0.0, -0.4120197)
(0.0, -0.4708805)
(1.729911, 0.440794)
(3.650523, 0.4347763)
(1.729911, 0.4335747)
(1.000232, 0.4333305)
(2.501268, 0.4332809)
(1.811715, 0.4332752)
(2.987959, 0.4332714)
(0.00332, 0.4332714)
(0.009191087, 0.4332714)
(0.02340172, 0.4332714)
(0.03760962, 0.4332714)
(0.05352524, 0.4332714)
(0.06943592, 0.4332714)
(0.0852979, 0.4332714)
(0.1011154, 0.4332714)
(0.116936, 0.4332714)
(0.132657, 0.4332714)
(0.1483242, 0.4332714)
(0.1639915, 0.4332714)
(0.1581012, 0.4332714)
(0.1404561, 0.4332714)
(0.1091995, 0.4332714)
(0.06391304, 0.4332714)
(0.008077502, 0.4332714)
(0.04474901, 0.4332714)
(0.09469172, 0.4332714)
(0.1215918, 0.4332714)
(0.1454863, 0.4332714)
(0.1659547, 0.4332714)
(0.183798, 0.4332714)
(0.1983711, 0.4332714)
(0.2034433, 0.4332714)
(0.20851, 0.4332714)
(0.2135493, 0.4332714)
(0.2330942, 0.4332714)
(0.3262852, 0.4332714)
(0.4362672, 0.4332714)
(0.5575789, 0.4332714)
(0.6885825, 0.4332714)
(0.8287435, 0.4332714)
(0.9788251, 0.4332714)
(1.090664, 0.4332714)
(1.197724, 0.4332714)
(1.299335, 0.4332714)
(1.396009, 0.4332714)
(1.487282, 0.4332714)
(1.573091, 0.4332714)
(1.652205, 0.4332714)
(1.726577, 0.4332714)
(1.795844, 0.4332714)
(1.866281, 0.4332714)
(1.937827, 0.4332714)
(2.009984, 0.4332714)
(2.082656, 0.4332714)
(2.155652, 0.4332714)
(2.228922, 0.4332714)
(2.302186, 0.4332714)
(2.375468, 0.4332714)
(2.448748, 0.4332714)
(2.522027, 0.4332714)
(2.595297, 0.4332714)
(2.668571, 0.4332714)
(2.741844, 0.4332714)
(2.815126, 0.4332714)
(2.888408, 0.4332714)
(2.961672, 0.4332714)
(3.034958, 0.4332714)
(3.10638, 0.4332714)
(3.169561, 0.4332714)
(3.226422, 0.4332714)
(3.275795, 0.4332714)
(3.317439, 0.4332714)
(3.35278, 0.4332714)
(3.382776, 0.4332714)
(3.399204, 0.3771954)
(3.406019, 0.3250427)
(3.402852, 0.2768154)
(3.387418, 0.2325115)
(3.363278, 0.192131)
(3.326653, 0.1556759)
(3.279137, 0.1231441)
(3.218078, 0.09453583)
(3.131114, 0.06985092)
(3.037275, 0.04909134)
(2.934791, 0.03225517)
(2.823831, 0.01934242)
(2.70499, 0.010355)
(2.577293, 0.005290985)
(2.442044, 0.004150391)
(2.297844, 0.00693512)
(2.144764, 0.01364326)
(1.984358, 0.02427483)
(1.81516, 0.03883171)
(1.638838, 0.05731201)
(1.453865, 0.07971573)
(1.259924, 0.1060429)
(1.057812, 0.1362953)
(0.8453646, 0.1704712)
(0.6299615, 0.2085705)
(0.4167986, 0.2505951)
(0.2104092, 0.194519)
(0.01006746, 0.1423664)
(0.1460843, 0.0941391)
(0.3033986, 0.04983521)
(0.4637442, 0.009454727)
(0.6257942, 0.02700043)
(0.7903998, 0.05953217)
(0.9576731, 0.08814049)
(1.12738, 0.1128254)
(1.300201, 0.133585)
(1.475576, 0.1504211)
(1.65469, 0.1633339)
(1.837061, 0.1723213)
(2.024198, 0.1773853)
(2.216254, 0.1785259)
(2.415236, 0.1757412)
(2.612083, 0.1690331)
(2.807035, 0.1584015)
(2.997205, 0.1438446)
(3.182238, 0.1253643)
(3.309275, 0.1029606)
(3.423776, 0.07663345)
(3.528022, 0.046381)
(3.619623, 0.01220512)
(3.704771, 0.02589417)
(3.790728, 0.06791878)
(3.880942, 0.1138668)
(3.971867, 0.1637383)
(4.061337, 0.217535)
(4.146833, 0.2752552)
(4.224403, 0.3368988)
(4.30217, 0.4024677)
(4.382637, 0.3463917)
(4.466173, 0.294239)
(4.553472, 0.2460117)
(4.649244, 0.2017078)
(4.753821, 0.1613274)
(4.858398, 0.1248722)
(4.962975, 0.09234047)
(5.067552, 0.06373215)
(5.172129, 0.03904724)
(5.276705, 0.01828766)
(5.381282, 0.001451492)
(5.485859, 0.01146126)
(5.590436, 0.02044868)
(5.695013, 0.0255127)
(5.804822, 0.02665329)
(5.923795, 0.02386856)
(6.051824, 0.01716042)
(6.188855, 0.006528854)
(6.334932, 0.00802803)
(6.490072, 0.02650833)
(6.654276, 0.04891205)
(6.829319, 0.07523918)
(7.013551, 0.1054916)
(7.205307, 0.1396675)
(7.407247, 0.1777668)
(7.613798, 0.2197914)
(7.821305, 0.2657394)
(8.029747, 0.3156109)
(8.238946, 0.3694077)
(8.448297, 0.4271278)
(8.657621, 0.4320412)
(8.867143, 0.4330235)
(9.076655, 0.4332218)
(9.286185, 0.4332619)
(9.495702, 0.4332676)
(9.705206, 0.4332714)
(9.914727, 0.4332714)
(10.12423, 0.4332714)
(10.33388, 0.4332714)
(10.54397, 0.4332714)
(10.75434, 0.4332714)
(10.96559, 0.4332714)
(11.17769, 0.4332714)
(11.39189, 0.4332714)
(11.60805, 0.4332714)
(11.82796, 0.4332714)
(12.04943, 0.4332714)
(12.27228, 0.4332714)
(12.49656, 0.4332714)
(12.72169, 0.4332714)
(12.94786, 0.4332714)
(13.17392, 0.4332714)
(13.3987, 0.4332714)
(13.62021, 0.4332714)
(13.83897, 0.4332714)
(14.05477, 0.4332714)
(14.26517, 0.4332714)
(14.4727, 0.4332714)
(14.67694, 0.4332714)
(14.87998, 0.4332714)
(15.08159, 0.4332714)
(15.2825, 0.4332714)
(15.4821, 0.4332714)
(15.68097, 0.4332714)
(15.87789, 0.4332714)
(16.07307, 0.4332714)
(16.2641, 0.4332714)
(16.45234, 0.4332714)
(16.63588, 0.4332714)
(16.81518, 0.4332714)
(16.99076, 0.4332714)
(17.16257, 0.4332714)
(17.33179, 0.4332714)
(17.50021, 0.4332714)
(17.6684, 0.4332714)
(17.83656, 0.4332714)
(18.0047, 0.4332714)
(18.17286, 0.4332714)
(18.34104, 0.4332714)
(18.50922, 0.4332714)
(18.67738, 0.4332714)
(18.84551, 0.4332714)
(19.01369, 0.4332714)
(19.18184, 0.4332714)
(19.35002, 0.4332714)
(19.5182, 0.4332714)
(19.68636, 0.4332714)
(19.85453, 0.4332714)
(20.0227, 0.4332714)
(20.19086, 0.4332714)
(20.35901, 0.4332714)
(20.52718, 0.4332714)
(20.69532, 0.4332714)
(20.86348, 0.4332714)
(21.03163, 0.4332714)
(21.19979, 0.4332714)
(21.36794, 0.4332714)
(21.53609, 0.4332714)
(21.70426, 0.4332714)
(21.87242, 0.4332714)
(22.0406, 0.4332714)
(22.20876, 0.4332714)
(22.37694, 0.4332714)
(22.54512, 0.4332714)
(22.71324, 0.4332714)
(22.8814, 0.4332714)
(23.04956, 0.4332714)
(23.21305, 0.4332714)
(23.36909, 0.4332714)
(23.51409, 0.4332714)
(23.64993, 0.4332714)
(23.77654, 0.4332714)
(23.89389, 0.4332714)
(24.00125, 0.4332714)
(24.0987, 0.4332714)
(24.18706, 0.4332714)
(24.26613, 0.4332714)
(24.33597, 0.4332714)
(24.39482, 0.4332714)
(24.44462, 0.4332714)
(24.48533, 0.4332714)
(24.51702, 0.4332714)
(24.53755, 0.4332714)
(24.54912, 0.4332714)
(24.55753, 0.4332714)
(24.56375, 0.4332714)
(24.56176, 0.4332714)
(24.5505, 0.4332714)
(24.52809, 0.4332714)
(24.49639, 0.4332714)
(24.4546, 0.4332714)
(24.40495, 0.4332714)
(24.34692, 0.4332714)
(24.27938, 0.4332714)
(24.20257, 0.4332714)
(24.11563, 0.4332714)
(24.02077, 0.4332714)
(23.90444, 0.4332714)
(23.77715, 0.4332714)
(23.63881, 0.4332714)
(23.48892, 0.4332714)
(23.32729, 0.4332714)
(23.15958, 0.4332714)
(22.9889, 0.4332714)
(22.81346, 0.4332714)
(22.63414, 0.4332714)
(22.45037, 0.4332714)
(22.26182, 0.4332714)
(22.0712, 0.4332714)
(21.87721, 0.4332714)
(21.682, 0.4332714)
(21.48393, 0.4332714)
(21.28193, 0.4332714)
(21.07263, 0.4332714)
(21.00566, 0.4338341)
(20.95221, 0.4338169)
(20.90133, 0.4337997)
(20.85102, 0.4337845)
(20.80078, 0.4337692)
(20.7506, 0.433754)
(20.70042, 0.4337406)
(20.65025, 0.4337254)
(20.60008, 0.4337101)
(20.5499, 0.4336967)
(20.49959, 0.4336834)
(20.44913, 0.4336681)
(20.39857, 0.4336567)
(20.34785, 0.4336452)
(20.2969, 0.4336319)
(20.24565, 0.4336205)
(20.19364, 0.4336109)
(20.1406, 0.4335995)
(20.08704, 0.433588)
(20.03292, 0.4335785)
(19.97981, 0.433567)
(19.92441, 0.4335594)
(19.86826, 0.4335499)
(19.81156, 0.4335403)
(19.75435, 0.4335327)
(19.69688, 0.4335251)
(19.63883, 0.4335155)
(19.58028, 0.433506)
(19.52122, 0.4334965)
(19.46135, 0.4334888)
(19.40051, 0.4334831)
(19.33903, 0.4334774)
(19.27686, 0.4334717)
(19.21395, 0.433466)
(19.15034, 0.433466)
(19.08585, 0.4334602)
(19.02039, 0.4334564)
(18.95375, 0.4334526)
(18.88614, 0.433445)
(18.81794, 0.4334393)
(18.74902, 0.4334316)
(18.67943, 0.4334259)
(18.60937, 0.4334221)
(18.45937, 0.4334164)
(18.39497, 0.4334106)
(18.32837, 0.4334068)
(18.26376, 0.4334011)
(18.20256, 0.4333992)
(18.14493, 0.4333935)
(18.09035, 0.4333916)
(18.0394, 0.4333858)
(17.99133, 0.433382)
(17.94711, 0.4333782)
(17.90639, 0.4333744)
(17.86847, 0.4333706)
(17.83338, 0.4333668)
(17.80204, 0.4333649)
(17.77463, 0.433363)
(17.75027, 0.4333591)
(17.72915, 0.4333572)
(17.71185, 0.4333553)
(17.6977, 0.4333534)
(17.68362, 0.4333496)
(17.66936, 0.4333496)
(17.6549, 0.4333477)
(17.64029, 0.4333458)
(17.62134, 0.433342)
(17.59904, 0.433342)
(17.57262, 0.4333401)
(17.54216, 0.4333363)
(17.50767, 0.4333363)
(17.46943, 0.4333344)
(17.42759, 0.4333305)
(17.38168, 0.4333267)
(17.33221, 0.4333248)
(17.27887, 0.4333229)
(17.22154, 0.4333191)
(17.09133, 0.4333191)
(16.95932, 0.4333172)
(16.82106, 0.4333153)
(16.6254, 0.4333134)
(16.40938, 0.4329796)
(16.20214, 0.4332123)
(16.00121, 0.4332619)
(15.88127, 0.4332676)
(15.76763, 0.4332714)
(15.66043, 0.4332714)
(15.55949, 0.4332714)
(15.46543, 0.4332714)
(15.37692, 0.4332714)
(15.29537, 0.4332714)
(15.22, 0.4332714)
(15.15042, 0.4332714)
(15.08655, 0.4332714)
(15.02937, 0.4332714)
(14.97808, 0.4332714)
(14.89443, 0.4332695)
(14.79252, 0.4332695)
(14.68603, 0.4332695)
(14.57699, 0.4332695)
(14.46861, 0.4332714)
(14.36127, 0.4332695)
(14.25525, 0.4332695)
(14.15121, 0.4332676)
(14.04791, 0.4332676)
(13.94598, 0.4332676)
(13.8455, 0.4332676)
(13.74629, 0.4332676)
(13.6487, 0.4332676)
(13.54673, 0.4332714)
(13.43922, 0.4332714)
(13.3307, 0.4332714)
(13.22622, 0.4332714)
(13.12854, 0.4332714)
(13.03637, 0.4332714)
(12.95068, 0.4332714)
(12.87036, 0.4332714)
(12.79206, 0.4270325)
(12.73148, 0.3454819)
(12.66457, 0.2513618)
(12.60277, 0.2111797)
(12.53378, 0.1906796)
(12.46315, 0.153244)
(12.40206, 0.1110153)
(12.3558, 0.07091331)
(12.32349, 0.04253197)
(12.29742, 0.03314018)
(12.27058, 0.03125381)
(12.24342, 0.03087616)
(12.21624, 0.03079987)
(12.18867, 0.03078461)
(12.1607, 0.03078079)
(12.13235, 0.03078079)
(12.1036, 0.03078079)
(12.07446, 0.03078079)
(12.04532, 0.03078079)
(12.02212, 0.03078079)
(12.00688, 0.03078079)
(11.99804, 0.03078079)
(11.99817, 0.03078079)
(12.00518, 0.03078079)
(11.93983, 0.03078079)
(11.86533, 0.03131104)
(11.78766, 0.03131104)
(11.75398, 0.03131104)
(11.78325, 0.03131104)
(11.83334, 0.04657364)
(11.88434, 0.06576157)
(11.92854, 0.08887291)
(11.96532, 0.1159077)
(11.99309, 0.1468678)
(12.01358, 0.1817513)
(12.02529, 0.2205582)
(12.03068, 0.2632885)
(12.02798, 0.3099442)
(12.01699, 0.3605232)
(11.99787, 0.4150257)
(11.97206, 0.4296227)
(11.93804, 0.4325409)
(11.90381, 0.4331264)
(11.86958, 0.4332428)
(11.83536, 0.4332676)
(11.80074, 0.4332714)
(11.76572, 0.4332714)
(11.73032, 0.4332714)
(11.69492, 0.4332714)
(11.6595, 0.4332714)
(11.62411, 0.4332714)
(11.5887, 0.4332714)
(11.55329, 0.4332714)
(11.52167, 0.4332714)
(11.49799, 0.4332714)
(11.48222, 0.4332714)
(11.47435, 0.4332714)
(11.47453, 0.4332714)
(11.48272, 0.4332714)
(11.4992, 0.4332714)
(11.52198, 0.4332714)
(11.55269, 0.4332714)
(11.59166, 0.4332714)
(11.63863, 0.4332714)
(11.69366, 0.4332714)
(11.75714, 0.4332714)
(11.82721, 0.4332714)
(11.90538, 0.4332714)
(11.994, 0.4332714)
(12.08759, 0.4332714)
(12.1855, 0.4332714)
(12.28957, 0.4332714)
(12.39538, 0.4332714)
(12.50342, 0.4332714)
(12.61378, 0.4332714)
(12.6535, 0.4332714)
(12.69535, 0.4332714)
(12.72851, 0.4332714)
(12.74777, 0.4332714)
(12.75296, 0.4332714)
(12.74679, 0.4332714)
(12.72677, 0.4332714)
(12.69287, 0.4332714)
(12.64495, 0.4332714)
(12.59039, 0.4332714)
(12.531, 0.4332714)
(12.46523, 0.4332714)
(12.39447, 0.4332714)
(12.31814, 0.4332714)
(12.23927, 0.4332714)
(12.16218, 0.4332714)
(12.08726, 0.4332714)
(12.01964, 0.4332714)
(11.96021, 0.4332714)
(11.90878, 0.4332714)
(11.86398, 0.4332714)
(11.82713, 0.4332714)
(11.79813, 0.4332714)
(11.77729, 0.4332714)
(11.76434, 0.4332714)
(11.75935, 0.4332714)
(11.76244, 0.4332714)
(11.7725, 0.4332714)
(11.7905, 0.4332714)
(11.81656, 0.4332714)
(11.85047, 0.4332714)
(11.88588, 0.4332714)
(11.92128, 0.4332714)
(11.95669, 0.4332714)
(11.99208, 0.4332714)
(12.02746, 0.4332714)
(12.06287, 0.4332714)
(12.10097, 0.4332714)
(12.14477, 0.4332714)
(12.19407, 0.4332714)
(12.24908, 0.4332714)
(12.30999, 0.4332714)
(12.37675, 0.4332714)
(12.44817, 0.4332714)
(12.52545, 0.4332714)
(12.60866, 0.4332714)
(12.69769, 0.4332714)
(12.79217, 0.4332714)
(12.89266, 0.4332714)
(12.94547, 0.4332714)
(12.97369, 0.4332733)
(12.98997, 0.4332733)
(13.00715, 0.4332733)
(13.02755, 0.4332733)
(13.04846, 0.4332733)
(13.06941, 0.4332733)
(13.09035, 0.4332733)
(13.1113, 0.4332733)
(13.13225, 0.4332733)
(13.1532, 0.4332733)
(13.17414, 0.4332733)
(13.19509, 0.4332733)
(13.21604, 0.4332733)
(13.23698, 0.4332733)
(13.25793, 0.4332733)
(13.27888, 0.4332733)
(13.29992, 0.4332733)
(13.32107, 0.4332733)
(13.34226, 0.4332733)
(13.36355, 0.4332733)
(13.38495, 0.4332733)
(13.40634, 0.4332733)
(13.42774, 0.4332733)
(13.44913, 0.4332733)
(13.47053, 0.4332733)
(13.49193, 0.4332733)
(13.51154, 0.4332733)
(13.52792, 0.4332733)
(13.54054, 0.4332733)
(13.54933, 0.4332733)
(13.55428, 0.4332733)
(13.55592, 0.4332733)
(13.55368, 0.4332733)
(13.54761, 0.4332733)
(13.53769, 0.4332733)
(13.52461, 0.4332733)
(13.50776, 0.4332733)
(13.48737, 0.4332733)
(13.4632, 0.4332733)
(13.43509, 0.4332733)
(13.40396, 0.4332733)
(13.36897, 0.4332733)
(13.33018, 0.4332733)
(13.29069, 0.4332733)
(13.2511, 0.4332733)
(13.21151, 0.4332733)
(13.17191, 0.4332714)
(13.13231, 0.4332714)
(13.0927, 0.4332733)
(13.05311, 0.4332733)
(13.01366, 0.4332733)
(12.97437, 0.4332733)
(12.93507, 0.4332733)
(12.89592, 0.4332714)
(12.85677, 0.4332714)
(12.81762, 0.4332714)
(12.77863, 0.4332733)
(12.73963, 0.4332733)
(12.70062, 0.4332733)
(12.66162, 0.4332733)
(12.62262, 0.4332733)
(12.58362, 0.4332733)
(12.54461, 0.4332733)
(12.50561, 0.4332733)
(12.46661, 0.4332733)
(12.42761, 0.4332733)
(12.38861, 0.4332733)
(12.34934, 0.4324589)
(12.31034, 0.4324856)
(12.27134, 0.4325104)
(12.23234, 0.4325352)
(12.19334, 0.4325371)
(12.15437, 0.43256)
(12.11535, 0.4325829)
(12.05018, 0.4327221)
(11.97407, 0.4326763)
(11.86763, 0.3967018)
(11.78682, 0.3300495)
(11.74754, 0.2022038)
(11.76845, 0.07939529)
(11.80324, 0.04089928)
(11.83482, 0.02132797)
(11.86641, 0.005680084)
(11.89799, 0.00604248)
(11.92957, 0.01384163)
(11.96116, 0.01771736)
(11.99274, 0.01766968)
(12.02433, 0.01369667)
(12.05592, 0.005800247)
(12.0875, 0.006019592)
(12.11908, 0.02176476)
(12.15378, 0.02897835)
(12.19091, 0.0304203)
(12.2293, 0.03070831)
(12.26879, 0.03077507)
(12.30921, 0.03077888)
(12.34967, 0.03078079)
(12.39013, 0.03470612)
(12.52582, 0.03207397)
(12.66644, 0.03104019)
(12.81321, 0.03083229)
(12.96474, 0.03079033)
(13.12248, 0.0307827)
(13.25997, 0.03078079)
(13.36375, 0.03078079)
(13.47393, 0.03078079)
(13.63718, 0.03078079)
(13.82706, 0.03078079)
(14.01664, 0.03078079)
(14.20035, 0.03078079)
(14.23296, 0.03078079)
(14.26153, 0.03080177)
(14.33611, 0.03078461)
(14.39756, 0.03078079)
(14.48653, 0.03078079)
(14.66649, 0.03078079)
(14.90529, 0.03078079)
(15.12785, 0.03078079)
(15.35041, 0.03078079)
(15.57297, 0.03078079)
(15.79553, 0.03078079)
(16.01809, 0.03078079)
(16.24065, 0.03078079)
(16.46321, 0.03078079)
(16.68577, 0.03078079)
(16.90833, 0.03078079)
(17.13089, 0.03078079)
(17.35345, 0.03078079)
(17.57601, 0.03078079)
(17.79857, 0.03078079)
(18.02113, 0.03078079)
(18.24369, 0.03078079)
(18.46625, 0.03078079)
(18.68881, 0.03078079)
(18.91137, 0.03078079)
(19.13393, 0.03078079)
(19.35649, 0.03078079)
(19.57906, 0.03078079)
(19.80162, 0.03078079)
(20.02418, 0.03078079)
(20.24674, 0.03078079)
(20.4693, 0.03078079)
(20.69187, 0.03078079)
(20.82215, 0.03078079)
(20.94237, 0.03078079)
(21.04879, 0.03078079)
(21.14171, 0.03078079)
(21.22494, 0.03078079)
(21.29953, 0.03078079)
(21.36741, 0.03078079)
(21.34565, 0.03078079)
(21.33753, 0.03078079)
(21.32687, 0.03078079)
(21.31367, 0.03078079)
(21.29841, 0.03078079)
(21.27464, 0.03078079)
(21.23973, 0.03078079)
(21.1914, 0.03078079)
(21.12953, 0.03078079)
(21.057, 0.03078079)
(20.97643, 0.03078079)
(20.88788, 0.03078079)
(20.7896, 0.03078079)
(20.67822, 0.03078079)
(20.55312, 0.03078079)
(20.41691, 0.03078079)
(20.26717, 0.03078079)
(20.10741, 0.03078079)
(19.94207, 0.03078079)
(19.77119, 0.03078079)
(19.5948, 0.03078079)
(19.41288, 0.03078079)
(19.22538, 0.03078079)
(19.0322, 0.03078079)
(18.83355, 0.03078079)
(18.63041, 0.03078079)
(18.42177, 0.03078079)
(18.20684, 0.03078079)
(17.9874, 0.03078079)
(17.76484, 0.03078079)
(17.54229, 0.03078079)
(17.31973, 0.03078079)
(17.09718, 0.03078079)
(16.87462, 0.03078079)
(16.65207, 0.03078079)
(16.42952, 0.03078079)
(16.20697, 0.03078079)
(15.98627, 0.03078079)
(15.77261, 0.03078079)
(15.68397, 0.03082848)
(15.65546, 0.03079033)
(15.59408, 0.0307827)
(15.45205, 0.03078079)
(15.29125, 0.03078079)
(15.12957, 0.02792358)
(15.07607, 0.01994705)
(15.04225, 0.01995659)
(14.99603, 0.01996422)
(14.93178, 0.01997185)
(14.84314, 0.01997948)
(14.723, 0.01998711)
(14.57498, 0.01999474)
(14.43393, 0.02000237)
(14.32881, 0.02000999)
(14.23645, 0.02001572)
(14.17269, 0.02002335)
(14.14235, 0.0286293)
(14.12649, 0.03034973)
(14.12151, 0.03069496)
(14.06536, 0.03076363)
(14.02604, 0.03077698)
(13.99227, 0.03078079)
(13.96125, 0.0307827)
(13.93258, 0.03080177)
(13.9066, 0.03091621)
(13.88352, 0.02959824)
(13.8624, 0.02903175)
(13.84608, 0.02615166)
(13.82965, 0.02412224)
(13.8138, 0.02243614)
(13.79711, 0.02138519)
(13.78105, 0.02059746)
(13.76344, 0.02264595)
(13.7495, 0.02174187)
(13.73265, 0.02214813)
(13.71973, 0.02199173)
(13.7088, 0.0225563)
(13.70167, 0.02265739)
(13.6988, 0.02228165)
(13.69964, 0.02123833)
(13.72091, 0.02180862)
(13.75712, 0.02441025)
(13.80313, 0.02955627)
(13.85521, 0.03053665)
(13.91001, 0.0307312)
(13.96729, 0.03077126)
(14.02733, 0.03077888)
(14.09648, 0.03078079)
(14.17829, 0.03078079)
(14.19448, 0.03078079)
(14.18696, 0.03078079)
(14.20045, 0.03078079)
(14.24683, 0.03115654)
(14.32228, 0.03085518)
(14.4021, 0.03079605)
(14.51503, 0.03078461)
(14.6672, 0.03078079)
(14.83465, 0.03078079)
(15.00755, 0.03078079)
(15.18513, 0.03078079)
(15.36469, 0.03078079)
(15.54204, 0.03078079)
(15.71663, 0.03078079)
(15.88835, 0.03078079)
(16.05728, 0.03078079)
(16.2234, 0.03078079)
(16.38735, 0.03078079)
(16.47045, 0.03078079)
(16.54663, 0.03078079)
(16.61618, 0.03078079)
(16.67749, 0.03078079)
(16.73065, 0.03078079)
(16.77583, 0.03078079)
(16.81278, 0.03078079)
(16.84227, 0.03078079)
(16.86353, 0.03078079)
(16.86949, 0.03078079)
(16.86413, 0.03078079)
(16.85435, 0.03078079)
(16.84479, 0.03078079)
(16.86005, 0.03078079)
(16.83902, 0.03078079)
(16.81223, 0.03078079)
(16.78032, 0.03078079)
(16.70202, 0.03078079)
(16.62276, 0.03078079)
(16.52806, 0.03078079)
(16.38228, 0.03078079)
(16.20245, 0.03078079)
(16.02543, 0.03078079)
(15.84298, 0.03078079)
(15.73296, 0.03078079)
(15.65287, 0.03078079)
(15.55632, 0.03078079)
(15.43481, 0.03078079)
(15.31886, 0.03078079)
(15.20735, 0.03078079)
(15.10135, 0.03078079)
(15.00079, 0.03078079)
(14.90589, 0.03078079)
(14.81645, 0.03078079)
(14.73154, 0.03078079)
(14.65191, 0.03078079)
(14.57767, 0.03078079)
(14.50893, 0.03078079)
(14.44562, 0.03078079)
(14.38787, 0.03078079)
(14.33711, 0.03078079)
(14.29854, 0.03078079)
(14.27146, 0.03078079)
(14.25254, 0.03078079)
(14.24682, 0.03078079)
(14.2582, 0.03078079)
(14.29839, 0.03078079)
(14.27761, 0.03078079)
(14.26917, 0.03078079)
(14.26247, 0.03078079)
(14.25728, 0.03005219)
(14.25525, 0.02676201)
(14.25525, 0.02360916)
(14.25708, 0.02069473)
(14.26025, 0.01891899)
(14.26429, 0.01891899)
(14.27079, 0.01891899)
(14.38726, 0.01890564)
(14.34683, 0.0182991)
(14.34791, 0.0182991)
(14.36212, 0.0182991)
(14.38196, 0.01830292)
(14.40586, 0.01831055)
(14.43296, 0.01831818)
(14.46362, 0.01832581)
(14.49719, 0.01833344)
(14.53126, 0.01834106)
(14.56509, 0.01834869)
(14.59803, 0.01835632)
(14.63, 0.01836395)
(14.66097, 0.01837158)
(14.6909, 0.01837921)
(14.71977, 0.01838684)
(14.7477, 0.01839447)
(14.77476, 0.0184021)
(14.80133, 0.01840973)
(14.82781, 0.01841736)
(14.85428, 0.01842499)
(14.88074, 0.01843262)
(14.90719, 0.01844025)
(14.93365, 0.01844788)
(14.96011, 0.01845551)
(14.98656, 0.01846313)
(15.01302, 0.01847076)
(15.03961, 0.01847839)
(15.06675, 0.01848602)
(15.09483, 0.01849365)
(15.12389, 0.01850128)
(15.1539, 0.01850891)
(15.18495, 0.01851654)
(15.26781, 0.01852417)
(15.35471, 0.0185318)
(15.44411, 0.01853943)
(15.53571, 0.01854706)
(15.62938, 0.01859474)
(15.72503, 0.02091408)
(15.8229, 0.02880669)
(15.8695, 0.03038597)
(15.91331, 0.03070259)
(15.91405, 0.03076553)
(15.8868, 0.03077698)
(15.90015, 0.03078079)
(15.92665, 0.03078079)
(15.9555, 0.03078079)
(15.98019, 0.01882362)
(15.99765, 0.002000809)
(16.00275, 0.02062225)
(16.00799, 0.04273033)
(16.03367, 0.04242897)
(16.00332, 0.04726791)
(16.02966, 0.05226517)
(16.02875, 0.05917931)
(16.04807, 0.06181526)
(16.05672, 0.06373215)
(16.03568, 0.08571434)
(16.04294, 0.0833416)
(16.04656, 0.08547592)
(16.04679, 0.08790207)
(16.04534, 0.09017754)
(16.04247, 0.09489441)
(16.03645, 0.09689903)
(16.0297, 0.09921646)
(16.0839, 0.0993042)
(16.02209, 0.0993042)
(15.94767, 0.0993042)
(15.91607, 0.0993042)
(15.89197, 0.0993042)
(15.87301, 0.09930229)
(15.85656, 0.09930038)
(15.83995, 0.09929848)
(15.82331, 0.09929657)
(15.80667, 0.09929466)
(15.79278, 0.09929276)
(15.78114, 0.09929085)
(15.77217, 0.09928894)
(15.76588, 0.09928513)
(15.76221, 0.09928131)
(15.76115, 0.0992775)
(15.76245, 0.09918213)
(15.76639, 0.09906387)
(15.77335, 0.09892464)
(15.78246, 0.0987606)
(15.7944, 0.09857368)
(15.80906, 0.09836388)
(15.82639, 0.09813118)
(15.84584, 0.0978756)
(15.86797, 0.09759712)
(15.89281, 0.09729576)
(15.91956, 0.0969696)
(15.94607, 0.09661293)
(15.97963, 0.1018238)
(15.99636, 0.08362961)
(16.03254, 0.1108532)
(16.03295, 0.1101093)
(16.02848, 0.1185093)
(16.02103, 0.1281338)
(16.01237, 0.1395454)
(16.00341, 0.1524467)
(15.99382, 0.1658955)
(15.9854, 0.1797752)
(15.97623, 0.1921082)
(15.96836, 0.2029324)
(15.96047, 0.2105026)
(15.95286, 0.2139034)
(15.94639, 0.2139034)
(15.92708, 0.2139034)
(15.9074, 0.2139034)
(15.88454, 0.2139015)
(15.86001, 0.2138996)
(15.8327, 0.2138977)
(15.8027, 0.2138958)
(15.77064, 0.2138939)
(15.73547, 0.213892)
(15.69783, 0.2138901)
(15.65768, 0.2138577)
(15.58193, 0.2138538)
(15.49325, 0.21385)
(15.39771, 0.2138462)
(15.2972, 0.2138424)
(15.19149, 0.2138386)
(15.07993, 0.2138348)
(14.9631, 0.2137241)
(14.84308, 0.2135677)
(14.72347, 0.213377)
(14.60395, 0.2131557)
(14.48444, 0.2129021)
(14.36493, 0.2126179)
(14.35959, 0.2126331)
(14.27129, 0.2126617)
(14.25047, 0.2450562)
(14.25268, 0.2383747)
(14.25441, 0.2464123)
(14.25506, 0.255476)
(14.25525, 0.2647896)
(14.2553, 0.2741528)
(14.25531, 0.2835255)
(14.25532, 0.2929001)
(14.25479, 0.3027267)
(14.25382, 0.311615)
(14.25277, 0.3191586)
(14.2517, 0.3253632)
(14.25059, 0.3301525)
(14.24948, 0.3333931)
(14.2483, 0.3352127)
(14.24285, 0.3352127)
(14.24419, 0.3398743)
(14.24339, 0.337635)
(14.24287, 0.3390579)
(14.24511, 0.3429337)
(14.24957, 0.3462963)
(14.25495, 0.3493614)
(14.26035, 0.3503399)
(14.26729, 0.3503399)
(14.38717, 0.3503399)
(14.34977, 0.3518715)
(14.34899, 0.3518715)
(14.36254, 0.3518715)
(14.38143, 0.3518715)
(14.40434, 0.3518696)
(14.43126, 0.3518677)
(14.46172, 0.3518658)
(14.4945, 0.3518639)
(14.5281, 0.351862)
(14.56266, 0.35186)
(14.59824, 0.3518581)
(14.68109, 0.3518562)
(14.75798, 0.3518524)
(14.83525, 0.3518486)
(14.91419, 0.3518467)
(14.99514, 0.3517342)
(15.07819, 0.3515472)
(15.16307, 0.3512974)
(15.24901, 0.3499966)
(15.33517, 0.3444595)
(15.42137, 0.3349361)
(15.50758, 0.321476)
(15.59379, 0.3040886)
(15.68, 0.2827759)
(15.76621, 0.2575397)
(15.85242, 0.2283783)
(15.89082, 0.1676254)
(15.93298, 0.0974102)
(15.96239, 0.0974102)
(15.97593, 0.1017342)
(15.97606, 0.1232738)
(15.97523, 0.1435127)
(15.97861, 0.1679783)
(15.97654, 0.1900978)
(15.97532, 0.2104321)
(15.97864, 0.2349339)
(15.97655, 0.2570667)
(15.97532, 0.2774067)
(15.9781, 0.2965584)
(15.98955, 0.3198242)
(15.99029, 0.34272)
(15.9939, 0.364912)
(15.99891, 0.3866081)
(16.02412, 0.3909035)
(16.01274, 0.4190712)
(16.03689, 0.417675)
(16.01075, 0.4214001)
(16.03634, 0.415617)
(16.04158, 0.424614)
(16.06013, 0.4319744)
(16.07317, 0.432806)
(16.09503, 0.4329739)
(16.0672, 0.4344349)
(16.08623, 0.4294128)
(16.11397, 0.4294186)
(16.14297, 0.4294186)
(16.18053, 0.4253979)
(16.22403, 0.41926)
(16.2626, 0.4209061)
(16.48064, 0.3469009)
(16.69345, 0.3469009)
(16.80064, 0.3381252)
(16.9017, 0.3254242)
(16.99786, 0.3087997)
(17.08925, 0.2882519)
(17.17536, 0.2637787)
(17.25683, 0.2353821)
(17.3332, 0.2030621)
(17.4046, 0.1668186)
(17.47204, 0.1266499)
(17.5343, 0.08255768)
(17.59124, 0.03454208)
(17.64284, 0.01739883)
(17.69068, 0.02810478)
(17.7385, 0.03024483)
(17.78632, 0.03067398)
(17.83452, 0.03075981)
(17.88273, 0.03077698)
(17.93093, 0.03078079)
(17.97914, 0.03078079)
(18.02847, 0.03078079)
(18.08229, 0.03078079)
(18.22131, 0.03078079)
(18.36548, 0.03078079)
(18.51488, 0.03078079)
(18.6695, 0.03078079)
(18.82884, 0.03078079)
(18.9642, 0.03078079)
(19.01241, 0.03078079)
(19.11505, 0.03078079)
(19.21662, 0.03078079)
(19.32135, 0.03078079)
(19.43022, 0.03078079)
(19.54354, 0.03078079)
(19.66099, 0.03078079)
(19.78207, 0.03078079)
(19.90871, 0.03078079)
(20.03803, 0.03078079)
(20.16349, 0.03078079)
(20.28087, 0.03078079)
(20.39001, 0.03078079)
(20.49117, 0.03078079)
(20.58438, 0.03078079)
(20.67082, 0.03078079)
(20.75727, 0.03078079)
(20.84371, 0.03078079)
(20.93015, 0.03078079)
(21.01659, 0.03078079)
(21.09537, 0.03078079)
(21.16588, 0.03078079)
(21.228, 0.03078079)
(21.2797, 0.03078079)
(21.31719, 0.03078079)
(21.34334, 0.03078079)
(21.35588, 0.03078079)
(21.35469, 0.03078079)
(21.33973, 0.03078079)
(21.31156, 0.03078079)
(21.27012, 0.03078079)
(21.21494, 0.03078079)
(21.1465, 0.03078079)
(21.06705, 0.03078079)
(20.97378, 0.03078079)
(20.86665, 0.03078079)
(20.74842, 0.03078079)
(20.62491, 0.03078079)
(20.49665, 0.03078079)
(20.36214, 0.03078079)
(20.22751, 0.03078079)
(20.09287, 0.03078079)
(19.95823, 0.03078079)
(19.82566, 0.03078079)
(19.69833, 0.03078079)
(19.5761, 0.03078079)
(19.45916, 0.03078079)
(19.34762, 0.03078079)
(19.2407, 0.03078079)
(19.13917, 0.03078079)
(19.0432, 0.03078079)
(18.95277, 0.03078079)
(18.86658, 0.03078079)
(18.78559, 0.03078079)
(18.70981, 0.03078079)
(18.64518, 0.03078079)
(18.59389, 0.03078079)
(2.741536465651793, 0.8413558626710621)
(2.9819946667298125, 3.0761589679260575)
(3.9327234466410523, 4.544734322419904)
(3.3741497706383683, 3.994561132919155)
(2.2420964229596536, 2.506672484248264)
